bin 1
man-made
.{1010;1011;1019;1020;1021;1029;1030;1031;1039;1040;1041;1049;1090;1091;1099;1110;1111;1119;1120;1121;1129;1190;1191;1199}

bin 2
natural
.{2010;2011;2019;2020;2021;2029;2030;2031;2039;2040;2041;2049;2090;2091;2099;2110;2111;2119;2120;2121;2129;2190;2191;2199}

bin 3
new
.{1010;1011;1019;1020;1021;1029;1030;1031;1039;1040;1041;1049;1090;1091;1099;2010;2011;2019;2020;2021;2029;2030;2031;2039;2040;2041;2049;2090;2091;2099}

bin 4
old
.{1110;1111;1119;1120;1121;1129;1190;1191;1199;2110;2111;2119;2120;2121;2129;2190;2191;2199}

bin 5
old hit
.{1110;1111;1119;2110;2111;2119}

bin 6
old miss/forgotten
.{1120;1121;1129;2120;2121;2129}

bin 7
subsequent forgotten
.{1010;1020;1030;1040;1090;1110;1120;1190;2010;2020;2030;2040;2090;2110;2120;2190}

bin 8
subsequent remembered
.{1011;1021;1031;1041;1091;1111;1121;1191;2011;2021;2031;2041;2091;2111;2121;2191}